# /mnt/01D4068790C88900/69/170914 여자친구 (GFRIEND) - 여름비 (SUMMER RAIN) (은하) 직캠 by 수원촌놈 [엠카 미니팬미팅]-G_-SNiuZrJA.webm
start=7.174000
sid=no
sub-delay=0.017000
sub-pos=98
